Marko Nikolic SW12/2016
55 67 98 88 93 73
71 82 83 73
68 81 54 72 99 53 52 65 54 97
Dragan Markovic SW60/2017
56 67 943 82 55 76
78 74 54 76
64 83 52 75 100 51 52 53 54 98
Marko Nikolic SW15/2017
52 55 96 77 93 72
73 61 71 66
68 81 54 72 99 53 52 65 54 97
Vukasin Jokic SW34/2017
54 67 98 88 93 73
73 82 83 75
68 81 54 91 90 53 52 82 84 97
Danijela Ilic SW12/2016
55 67 98 88 93 73
71 82 83 63
58 51 54 72 99 53 52 65 54 97
Milan Nedeljkovic SW10/2017
55 67 89 89 91 74
71 82 87 73
68 81 54 78 99 58 59 62 54 97
Marija Jovanovic SW45/2017
55 97 52 84 93 72
71 82 83 73
98 91 94 92 99 53 82 65 74 97
